50,173
50,172
50,171
50,170
50,169
50,168
50,167
50,166
50,165
50,164
50,163
50,162
50,161
50,160
50,159
50,158
50,157
50,156
50,155
50,154
50,153
50,152
50,151
50,150
50,149
50,148
50,147
50,146
50,145
50,144
50,143
50,142
50,141
50,140
50,139
50,138
50,137
50,136
50,135
50,134
50,133
50,132
50,131
50,130
50,129
50,128
50,127
50,126
50,125
50,124
50,123
50,122
50,121
50,120
50,119
50,118
50,117
50,116
50,115
50,114
50,113
50,112
50,111
50,110
50,109
50,108
50,107
50,106
50,105
50,104
50,103
50,102
50,101
50,100
50,99
50,98
50,97
50,96
50,95
50,94
50,93
50,92
50,91
50,90
50,89
50,88
50,87
50,86
50,85
50,84
50,83
50,82
50,81
50,80
50,79
50,78
50,77
50,76
50,75
50,74
50,73
50,72
50,71
50,70
50,69
50,68
50,67
50,66
50,65
50,64
50,35
50,34
50,33
50,32
50,31
50,30
50,29
50,28
50,27
50,26
50,25
50,24
50,23
50,22
50,21
50,20
50,19
50,18
50,17
50,16
50,15
50,14
50,13
50,12
50,11
50,10
50,9
50,8
50,7
50,6
50,5
50,4
49,1319
49,1318
49,1317
49,1316
49,1315
49,1314
49,1313
49,1312
49,1311
49,1310
49,1309
49,1308
49,1307
49,1306
49,1305
49,1304
49,1303
49,1302
49,1301
49,1300
49,1299
49,1298
49,1297
49,1296
49,1295
49,1294
49,1293
49,1292
49,1291
49,1290
49,1289
49,1288
49,1287
49,1286
49,1285
49,1284
49,1283
49,1282
49,1281
49,1280
49,1275
49,1274
49,1273
49,1272
49,1271
49,1270
49,1269
49,1268
49,1267
49,1266
49,1265
49,1264
49,1263
49,1262
49,1261
49,1260
49,1259
49,1258
49,1257
49,1256
49,1255
49,1254
49,1253
49,1252
49,1251
49,1250
49,1249
49,1248
49,1247
49,1246
49,1245
49,1244
49,1243
49,1242
49,1241
49,1240
49,1239
49,1238
49,1237
49,1236
49,1235
49,1234
49,1233
49,1232
49,1231
49,1230
49,1229
49,1228
49,1227
49,1226
49,1225
49,1224
49,1223
49,1222
49,1221
49,1220
49,1219
49,1218
49,1217
49,1216
49,1212
49,1211
49,1210
49,1209
49,1208
49,1207
49,1206
49,1205
49,1204
49,1203
49,1202
49,1201
49,1200
49,1199
49,1198
49,1197
49,1196
49,1195
49,1194
49,1193
49,1192
49,1191
49,1190
49,1189
49,1188
49,1187
49,1186
49,1185
49,1184
49,1183
49,1182
49,1181
49,1180
49,1179
49,1178
49,1177
49,1176
49,1175
49,1174
49,1173
49,1172
49,1171
49,1170
49,1169
49,1168
49,1167
49,1166
49,1165
49,1164
49,1163
49,1162
49,1161
49,1160
49,1159
49,1158
49,1157
49,1156
49,1155
49,1154
49,1153
49,1152
49,1135
49,1134
49,1133
49,1132
49,1131
49,1130
49,1129
49,1128
49,1127
49,1126
49,1125
49,1124
49,1123
49,1122
49,1121
49,1120
49,1119
49,1118
49,1117
49,1116
49,1115
49,1114
49,1113
49,1112
49,1111
49,1110
49,1109
49,1108
49,1107
49,1106
49,1105
49,1104
49,1103
49,1102
49,1101
49,1100
49,1099
49,1098
49,1097
49,1096
49,1095
49,1094
49,1093
49,1092
49,1091
49,1090
49,1089
49,1088
49,1087
49,1086
49,1085
49,1084
49,1083
49,1082
49,1081
49,1080
49,1079
49,1078
49,1077
49,1076
49,1075
49,1074
49,1073
49,1072
49,1071
49,1070
49,1069
49,1068
49,1067
49,1066
49,1065
49,1064
49,1063
49,1062
49,1061
49,1060
49,1059
49,1058
49,1057
49,1056
49,1055
49,1054
49,1053
49,1052
49,1051
49,1050
49,1049
49,1048
49,1047
49,1046
49,1045
49,1044
49,1043
49,1042
49,1041
49,1040
49,1039
49,1038
49,1037
49,1036
49,1035
49,1034
49,1033
49,1032
49,1031
49,1030
49,1029
49,1028
49,1027
49,1026
49,1025
49,1024
49,991
49,990
49,989
49,988
49,987
49,986
49,985
49,984
49,983
49,982
49,981
49,980
49,979
49,978
49,977
49,976
49,975
49,974
49,973
49,972
49,971
49,970
49,969
49,968
49,967
49,966
49,965
49,964
49,963
49,962
49,961
49,960
49,959
49,958
49,957
49,956
49,955
49,954
49,953
49,952
49,951
49,950
49,949
49,948
49,947
49,946
49,945
49,944
49,943
49,942
49,941
49,940
49,939
49,938
49,937
49,936
49,935
49,934
49,933
49,932
49,931
49,930
49,929
49,928
49,927
49,926
49,925
49,924
49,923
49,922
49,921
49,920
49,919
49,918
49,917
49,916
49,915
49,914
49,913
49,37
49,36
49,912
49,911
49,910
49,909
49,908
49,907
49,906
49,905
49,904
49,903
49,902
49,901
49,900
49,899
49,898
49,897
49,896
49,888
49,887
49,886
49,885
49,884
49,883
49,882
49,881
49,880
49,879
49,878
49,877
49,876
49,875
49,874
49,873
49,872
49,871
49,870
49,869
49,868
49,867
49,866
49,865
49,864
49,863
49,862
49,861
49,860
49,859
49,858
49,857
49,856
49,855
49,854
49,853
49,852
49,851
49,850
49,849
49,848
49,847
49,846
49,845
49,844
49,843
49,842
49,841
49,840
49,839
49,838
49,837
49,836
49,835
49,834
49,833
49,832
49,830
49,829
49,828
49,827
49,826
49,825
49,824
49,823
49,822
49,821
49,820
49,819
49,818
49,817
49,816
49,815
49,814
49,813
49,812
49,811
49,810
49,809
49,808
49,807
49,806
49,805
49,804
49,803
49,802
49,801
49,800
49,799
49,798
49,797
49,796
49,795
49,794
49,793
49,792
49,791
49,790
49,789
49,788
49,787
49,786
49,785
49,784
49,783
49,782
49,781
49,780
49,779
49,778
49,777
49,776
49,775
49,774
49,773
49,772
49,771
49,770
49,769
49,768
49,767
49,766
49,765
49,764
49,763
49,762
49,761
49,760
49,759
49,758
49,757
49,756
49,755
49,754
49,753
49,752
49,751
49,750
49,749
49,748
49,747
49,746
49,745
49,744
49,743
49,742
49,741
49,740
49,739
49,738
49,737
49,736
49,735
49,734
49,733
49,732
49,731
49,730
49,729
49,728
49,727
49,726
49,725
49,724
49,723
49,722
49,721
49,720
49,719
49,718
49,717
49,716
49,715
49,714
49,713
49,712
49,711
49,710
49,709
49,708
49,707
49,706
49,705
49,704
49,692
49,691
49,690
49,689
49,688
49,687
49,686
49,685
49,684
49,683
49,682
49,681
49,680
49,679
49,678
49,677
49,676
49,675
49,674
49,673
49,672
49,671
49,670
49,669
49,668
49,667
49,666
49,665
49,664
49,663
49,662
49,661
49,660
49,659
49,658
49,657
49,656
49,655
49,654
49,653
49,652
49,651
49,650
49,649
49,648
49,647
49,646
49,645
49,644
49,643
49,642
49,641
49,640
49,626
49,625
49,624
49,623
49,622
49,621
49,620
49,619
49,618
49,617
49,616
49,615
49,614
49,613
49,612
49,611
49,610
49,609
49,608
49,607
49,606
49,605
49,604
49,603
49,602
49,601
49,600
49,599
49,598
49,597
49,596
49,595
49,594
49,593
49,592
49,591
49,590
49,589
49,588
49,587
49,586
49,585
49,584
49,583
49,582
49,581
49,580
49,579
49,578
49,577
49,576
